ComplexRP:116171139.9535608
ComplexRP_Case1:102900926.04354562
ComplexRP_Case2:100341057.49129374
ComplexRP_Case3:67219126.1550158
ComplexRP:119095293.49821392
minexml_test:231946919.6081303
minexml_obstacle:245720930.44148618
SimRig:190875468.19236815
SimRig_Obstacle:91860329.08964294
SimRig:203290293.98407745
