ComplexRP:143639724.7100453
ComplexRP_Case1:105402246.907734
